0001011011
0001101001
0001011110
0011001010
0110111111
1110101011
0000010010
0110000011
1001101000
0000011000
1111010011
0110100100
1111010100
1110110101
1010101110
1001011110
1011101101
1010011010
0100010000
0110100011
1001100011
1010011100
0110010011
1111011010
0010100010
0100001100
1111001110
0111100111
1111001000
0001010101
1111011110
0010000000
0110100000
1110001010
1011011111
0001101101
1011010010
0001100000
1111000010
1110001010
1010000000
0110000101
0111100011
1101010001
0110011100
1100111001
0100111110
1111100100
0000111111
1011111000
1110010010
1100110011
1111010011
0101111010
1000110100
0010110101
0101011010
0000111010
0100100001
1110111001
1110100000
1101000100
1110011001
1011100001
0010000000
0011000110
1100101000
0011010000
0110101011
1101010010
0000011101
0010101000
1001100101
0011011000
0010100001
0011011110
1010100110
1011011011
0011111111
1011001100
0111010111
0001011110
1000011001
0010111000
1101111110
0111001100
0010100110
0110001001
0100011000
0001111110
0001010100
1001011011
0010010011
1001001111
0001011101
0011100101
0010100000
0111110011
0111011010
0011000110
1000001111
0110001111
1111000110
0000010111
1110000000
0110111100
0110011110
0111000101
0100010101
0110001001
0011100010
1100111111
0111010000
1101011101
1101101010
1000011001
1100100010
0001110100
0001010000
1110001011
1110111110
1001010000
1010010111
0000011010
0000110001
0100010011
0101111100
0001111001
1000111000
0000111111
1110111000
0100110110
1001101111
1100100100
1110001101
0101010011
1110101001
0111101100
1001110010
1010110010
1101100001
0000100100
0100011010
0100010000
0001010101
1111010000
1111110100
1001101101
0100110110
1111111110
0110100011
1100101101
1101000001
0010001000
0101010011
0111011011
1001111001
0101001001
0000101111
1100010100
0010010111
0101010101
0111011101
0101001111
0111010111
1000100010
1010111100
1011011010
0101100100
1011110111
1000010001
0001100011
1101011000
1010010001
1110101010
0101000100
0011000011
0100100111
1001011110
1101000110
1001001011
1111011001
0110111000
0101101111
1011101100
0000000111
0111001001
0010111110
1101110010
1001000110
1000010101
0100111000
0001111110
0110111110
0101110110
0000101111
0000011100
1011001100
1000110001
0110101110
1011010001
1000110001
1101110000
1010001000
1111110000
1101100001
1001111010
1111010111
0111000110
0010110010
0100111100
1010010100
1000100101
0000111110
0011111101
1010100111
1111001011
0110011011
1011100010
1001011100
0011100101
0001100001
0011011111
0001000101
0100101011
0011010111
0001111101
0011001111
1001011111
0100010100
0011011011
0001011111
0001011001
