0110100001
0101111010
0111111100
0000100100
0110100000
1000110010
0001110000
0000100011
1000010110
0101010100
1100010010
0110110000
1100100011
1110011100
1010000110
1011110010
1111110110
1001001100
0000101100
0111100111
1011001101
1010011011
0111010000
1001000101
0001010010
0000010100
1100010111
0100010011
1011110101
0101010101
1011011001
0001001100
0110000111
1010010101
1111011100
0000011111
1010010000
0000101111
1011101111
1011011001
1011101111
0100011010
0000011101
1100110011
0000111101
1010111100
0010101101
1011001101
0001000001
1010011011
