0101001110
0100011100
0110101111
0111111100
0000001010
1001001000
0101010001
0011100110
1011000110
0001010111
1111101101
0111011100
1111001001
1010111111
1010111000
1001111001
1000110100
1011110100
0001000011
0111000010
1110001011
1000100000
0110101111
1110110011
0101100101
0110110100
1110000001
0111010111
1111010001
0111111000
1001111110
0011010111
0010011100
1101001011
1111110100
0000011000
1011110110
0101010100
1111001000
1011110100
1110110111
0111011101
0001000111
1000110101
0001000111
1010000111
0000011100
1000011110
0000101100
1010000110
1100110101
1011001010
1011101010
0000010010
1011100101
0000011011
0010111011
0000001110
0010011111
1110101011
1110100000
1000010110
1101111110
1010001111
0000100101
0110101110
1101111000
0100100110
0111101110
1001011000
0010001001
0011100000
1000100010
0100001101
0100011110
0000000111
1010101001
1101111001
0101101100
1010011110
0100100110
0111100100
1111101000
0100000111
1010111001
0111101110
0000100100
0111010010
0100011110
0000110110
0000011001
1000010100
0001000100
1110010010
0111100011
0000010000
0101010000
0100111110
0101000000
0101111001
1100110110
0111111111
1100010010
0000001010
1000100011
0101110001
0111001110
0100001101
0101110011
0000001101
0000011111
1100000110
0000001100
1111110101
1111111001
1110001101
1101010010
0110000100
0001011001
1001101101
1010011100
1110000110
1010100001
0110000111
0110100001
0001110110
0010011100
0010101010
1000010101
0011000111
1000000111
0011111011
1011100111
1010101100
1010100001
0101000001
1011100111
0010010011
1010010100
1101110000
1111001011
0011101110
0110101001
0111101000
0010100100
1000001100
1011001011
1001011100
0011101110
1011101101
0011101100
1010101101
1111011110
0100011100
0011101110
0000100111
1100111110
0111000110
0000110011
1111111000
0110000111
0100000111
0111110001
0100100001
0100001000
1011100010
1101111111
1101101110
0101110100
1110010110
1010111011
0100110010
1010011000
1011110111
1110011000
0111111101
0000100001
0011001111
