0100101011
1010110110
0001111100
1110100011
1011001111
1001100000
0111111000
0011111001
0111101001
1111000101
1011101000
0111000111
0111100110
0001011011
1011001000
0100000111
1100111010
0010011100
0001111100
1011110011
0000101001
0011000000
1010111110
0011100111
1010011100
1000111001
0010111001
1110110100
0011001101
1101100111
1100000110
1101010100
1101011100
1111001000
1101001001
0010011101
1000110000
1001111011
1011010111
1110010100
1000101100
1111011111
0010101100
0100100000
1100011001
0100101101
0011010010
1010011110
0100001110
1010111110
0010000010
1111001110
0011010111
1100011100
0100000101
0111100100
0111011001
0001010111
1111001110
1011000111
0011011101
0001110100
1010011101
1100011001
1101001111
0110000101
0010000001
1000101110
1101010101
1111111010
1100110100
1000100000
0101010100
1000000111
0000111101
1100000100
0011100101
1101100101
1001101001
0011010110
0000010101
1101001010
0011001011
0101100000
0000110010
1101001000
0000111000
0011011100
1010110111
1010110110
0101001100
0011100110
1111010100
1001101000
0111010110
1101001111
1011111011
1101110011
0111001010
1001011010
0101101001
1100100001
1101000011
1000010000
1001111110
0001000111
0110000101
1001101000
1110101111
0101101010
0101111100
0101100110
1110111001
1000101011
1011101110
1001010010
0000001111
1111011001
1010111001
0001101010
1000100111
1010111101
1011010100
0101100111
1010111011
0000100100
0100111100
1101111011
1101001110
1100000001
0111111001
1000111000
1001011100
0110111011
0001011101
1011000000
0101011010
1111001100
0010000011
1000000011
0100101011
0010011110
0101011001
1001111100
1010101111
0101111011
0011010100
1010101001
1000000110
1111111010
0010111111
1011001001
0101010101
0011001011
0111111110
1100001011
0000001010
1011000110
0101011011
1000101010
0111111011
1110011001
0010111110
0010101101
1100101011
0001100001
0110101000
0000011010
0111011101
0011101011
0001011101
0001111101
0000110100
0101001111
1111110101
1111010010
1000000111
0000110001
0010011010
0011100010
1110000000
0001011001
1000010101
0011011001
1001000000
1110011111
1110100111
0100010100
0110110010
0011010100
1111101100
1011000001
1010100111
0010011111
0101100011
1000000110
0000010100
1000100101
1010100110
1111010100
0111111011
0010010001
1010110100
1110110000
0011100111
1001011010
1101010001
