0111100011
0111010101
0110010011
0100101011
0001101101
1000100011
0100101101
0000001110
1011001010
0101001011
1011001010
0000100001
1110100111
1010011011
1010000010
1000101100
1110101010
1101010110
0011111111
0110101010
1011110110
1001111101
0101001011
1001101101
0101001011
0011101011
1011100010
0011001011
1000001011
0010000100
1000011111
0111110001
0011101001
1100000011
1000111000
0001111011
1011101011
0000111100
1001110011
1011110000
1100110000
0000011010
0100010100
1000100000
0100110000
1010111011
0010110011
1010011000
0001001011
1010110110
1010001110
1100100110
1010111000
0110110110
1110101010
0100101000
0100001101
0001000110
0011010100
1110111110
