0000000000
0101101101
0001101010
1001000011
0111010011
0001010101
0101100011
0000000011
0111010010
0110010110
0000001110
0111110101
0101110011
1110000011
0111111110
1101110001
0110000011
1001001111
0100010110
1111101101
1001101100
0010010001
0010000101
1000001001
1110000101
1111011000
1101100110
0111001001
1000111100
1100001010
1010001001
1011000101
1010010001
1001010101
0111111100
0011011101
0101110111
1110000010
0011101101
1101100111
1111000110
0111100110
1010010011
0010111000
0000011001
1110110100
1010100111
0011001000
1011010101
0000010001
0111101000
1000111111
0001010010
1001011011
0101001111
0110101000
0101001111
0010101111
0111110101
1001000000
0101010010
0000010001
0111111111
