11100000101001101
11000010110011000
01011001110111010
11000010010110101
10111001101011110
11010100011010110
01110111111001001
10010100101101111
10000011100100001
01011010100101000
11000101001110011
11110010100010100
10001011011000110
11010010001001011
00000101000000101
00011100100111000
10010001000011010
01101111001110110
00101010000000111
11101110101000111
00110000111011000
11010111000011001
01100101110001111
00100010000011001
10010010010011110
10000010100111100
00111011000111110
00100010000101011
00110110110110111
10101010100111100
00001111110001011
10100110000000100
11011101011000000
11000100111011010
00000011100000100
11001110010110111
11010110101100010
01000000011100100
01000000111010100
10111110111000100
10101110110000010
00111111101000011
01001010111011111
11010111000001010
01101000010111100
01111001001100011
00011001000110100
10111001101001111
00000110001000001
00001111101011011
