00000000000000000000000000000000000000000000000000
11011101101111001001010011000101110110011001000100
11110110011101000101011000000000110111100011110000
10001010000100000111101100111101000000011100110100
00101111010101011000110010101000100010010101011100
00101000010010010111000000100110100100011110111101
00000111001000110101011000001011110110011101000011
01010010110111000111010111111111001110011111000011
00101010101010101100011000100010101000000101011101
11101011110100010001101001001110011010111110000101
01110110000010000000101010001010110101111010100000
10001111001011000101100000000000110011110110010111
00110001111000010100000001111100000111000000111000
01111100001100011100110111101100010100100010101001
11101011010001011000111111110110010000000011100101
10011101000110100111001011101101001101110010101100
00101101001011001111001010111010010110001111010101
10010011101001100011011100011010000100000110010111
