11100111110101111110111010111111111100001000001111010011000000010010000011101101110001111001000111000000110111111110001100110110000000010000
11100111101101001110111010001010111110100111111111011011011010011010111100010001011010101110010100101100001001011011010000011000000100001000
00000111000000001100111101000110111010011011001110010011000010010001010101101000110100001101011000001000101100110011101001111101010010100100
11100000110000001111111010110010011010101000000001011011011000011000111100111011001101111011010110010100100101011111000001010111111011110111
11100111100110010110111010111010111010100100001001010010000000010100000011011010010010000111001100111110011011011100110111100101100101000000
00011000101001111100000010010010111110100011000111000010000100010011110101101101100001001100001101111101010111010110111011001010010011011111
11111111101011101111111011110001111101111011111001100011000000011100011001100001010001011111011000111011101000100100010011011010010101110111
00000000101010101100111010010111111100001000001110010011100010010111111101011000001011100011101011011111101000000011011111100011011011111010
11111000111001011110011011111001111001100100110001000010111100010101001110101010010111110010101110011110001000000111100010111100010110110110
00000111110100011100111011001011111100110100000001011010111010011101111100001110100110011010110001000010010110001010000101111001111111110111
