000110001110010110101100110110000101111000000000000010110001111101101000011001110001001100101011011111000011100100000101010
101111011101100110010011011101111100001011100000011111110011101111001000000111011100000000001101011101101001000000000101111
100001000001010100001110110100000101000110100100101010111001010000001100101111100011110100100010000001111111111111000010111
000011010011000100101001011101111100000000000000011111111010100100101100000110110100000000111011011000010001100000000100111
100011000001111000111010110110000101111111100000011111111111111011110100001011000000000000111111011110010000000000000111011
000101011110010110111000011110000101111000000000010111101110110011111000001000100000000000011011011101111111100000000110011
111001000011110101001111100101111010111000100000010010110001001101101000011001100011011100010100000011111001111010111001100
110000100010010001101111110001111100000111100000010111111100100010001100010110011101111101010111011010100001001001010001101
100110111111010000111111001111111011111111100000000101001101011001110000110001100010011001000100001111000000001010010100111
000110001100011010011100110110000101111000000000011010111100111011111100000000000000100010011111011110000000001100110110000
