000000001100010101110001110001110011001111111011011010011001001111101110011100100011110001000001000100110011
111100001000010000111101000100011001101001111110101111011111110111010101010111011100111110011111000010010101
001110001001110010110111111000111111001011111001011010001111001010101111010111001010110101111110010010010000
000111101000101011000011100100011000001001110001011010001111001001100111111111101111110100000110001110001001
111010111010100000010101010101101011100011111101111111100000000100111110011001111011101111111111111100101000
000101111011001110101110001010011111111011111011111110000000111110111110100001100100100001000111101000011001
111111100001001010100001001000001000010011111110001011100000011001011110000001010000100101011111110000011010
000101111100000100111011011011110010000111111011011010001111110111011111111110110100111011111110110100101010
110010000101100000110100011100101000011111111101011011001111001111101111100110111011111110011111110101000000
110111101110001110110000111101001100000011111100001011011111100110011111011110010010110001111110001101101001
