011011000101000011110001111010000
101010100110011011100010101100111
010011000100100111011010111011111
100000100100110010011010111000000
110011110001110001100100000010111
010100010100100000001001000101001
011011011100000010001110110001110
010110110111011110110100011000101
010000100001101000011000101011100
101100111001011010011100101101010
110010111010101111101101001010101
001111010110100101100001101111100
110110010011010100000100111011110
111011101111110011001110101000100
011001010000110001011011000001001
111001011100001100010101110010100
011000000100111110111001011011001
010110010100101001101011111010010
101010101010000111001110000011000
001101010111100101111011000001000
001111100100010110111010000011101
110000000100000000111011100110101
101100111010111011000110000011100
010100111011111100111101000100110
101000010110001100010010001111011
101000101110111010101110010001110
110010001100110011101110101110011
111011010001111100110000110100000
011101110010010011111110010011001
011011101001011100110110000111101
010101001010011111111100001000010
011101010101101110111000001000011
011101001101001011101111011100010
100011110001011111101000100110101
111000000010000010010110000000011
011000111111011011100011111100000
101001011001110010000101001011000
001010111110100000111110111001101
011001000101011000111101100010111
001100111011110101001000000011011
110011110000100001111000000011001
110011010110010110011110110010111
001011111000111010011101000010000
101001111010011011110100010110101
011001101001011001010001100010101
001101001101000101011110010001000
010100101011001101101010111011101
010101110111100111010111110000001
100000010110110011000100111100101
100111111011100001100101111110010
101011010000110110111111010101000
011101011000101111110100100001100
101110111001101010001000011101011
110111000010111000001001000110110
100110001000110100000110000110110
011111110001010101100011111000000
101001101101101000011111101000001
100001110001011000010101100000000
010000100110011110101111010111111
011101011110100101111110011001100
011101100111110100111000000100001
001100101001100100100110001000111
010001100000000010111110110110101
011100101101100100100011111101000
110011101010010000111011110011101
001101010000011111100110001000111
101001000111000101011110100100011
011111110010110110001110100001001
100110110010011011010111000010001
000100111111011101100111011010010
100011000111111000011111111000110
101010101111001010101001001000110
100101000110111100101000111000010
100101100011010100000110000001010
101001111001000110000100001001011
101011011110011000110110101101001
011011111011110000100010111100001
010111110011011000010110000000101
011110000011111111001010000100110
011111100111000010101101010010000
101000111110110001100100110001100
101100110111010100011110110110000
011011010010001101001100110011011
101001010111010111011011001101100
001010111111101110111010011100010
000101100101001100100010011010011
010110011000110110001001111001101
111010010100010111010000000001010
001000001100011111101010011011111
010111000100011001101001101001010
011000001100000100111000001111010
011101110011101011111110100011010
111001000101110110101111100000110
101101000010010010111111000000100
101110111101111110011110011110010
011010000111100011111110000010101
001100101011100110111101000101100
010110000011000101100000111011111
101010111110110001101000001101011
110100011110010011011110111101111
