0111100101101111011001111111111010110000110000111110111111000001101100110111001011110011000011100011
1001100001101101101010001111100000101111000111001000111110110000010110101100110011010001011010010011
0000110110001101011110000101001111010000111010000000010000011100011010010100101110011001110011100100
1000101110010000010111111000100100111010100111001010011110100101100100000000010011110011110001111100
0110101010111101101011101110100000011110101011001100011011101000100100111111010101010100111010000000
0110100010010111101100101001100100000110110000100101101101110101101111001100110101101101110101111000
1001011101100000111101010111001111010111100110101000101011010000110110000111011011111101110111111100
0010110101111111000110011101110001101111010001001000100100100111110000000101100101001011001011000100
1111110110011100010111011001011010100110000001111111110110110011000110101010110000111111010010110100
0001100001111111000110011011100110110101110111100110010000110001011100100101001010110110101000110001
1110011100010011100001111011111111111000000111000100110110001000010011111011110110110101110100010110
1110010011001100111011010100101000100011000010011111010100011000110111110010111101100101101101011101
1101011011100111101010100101001010000000101100101010000101011100101111000000111100111000010010111111
0111011100001101100100111000101101100001010001010100000000010000000100110110011001001100000101011101
0011001101001010000010101001011010010110111100101101111011101011110000101001011100101111110101011011
1011110000110100111000111000000111010110111011001100010100000011000001011100110011111000010101111111
0011010011001011001011000011110111111101111000011100100011100100000110001111100111111100110100001001
0110011101010101111100111111010001011110110101111001011101111100101100010000010011111110010001001000
0111001011101110000100101110000111111101000001001011000111100100010010101000111101001111101110000001
1000000110111111010101101010100111011101011001001001110101111100111110000111110111000110110100101011
1000000110111100111100001000010000100011001010100110110010100100011100101111101011110011001111011011
0111000101100000011011100110110100000110001101110010110011111000000110110011110001110100100100001110
0001011010011100011010010010101110111000011101111100100000110110011110010100011101010110001110111000
0010111000100001000111011000001101110100101001000110111001100011100010001100110100001001110100100001
0000101001011110101001000111010011011001001101011000001001110110000011000101111011101010101000001100
0100011100111111101101111111110011100011000100011101110000001001001000101100111001100001110011110001
1011001010010101110110110001010100010110100001000010110101110000010101000000011110100010111011000000
0101101110001101111110101011000001010100000111010010011010100101001010101000000010010110101111010100
1010011111010000111011001010111111011011101000000110011111011101010110000000100001100110100010100110
1110111110000110110010001011000000000100010011100101010110101001110101101010010110110110001010110011
0011010001110110101000111110110111110010000100111001111001011100010001000101000001011111110001101110
0001011010110100011100001101010000010000100110111011100010100010010011110100010110001001110110110101
1100101001101101000001100011000101101000110100000111110001011010101010011011000101000001000111100011
0101011010111111101001101111010011101010110110000011001010001001100010101011111110110001001110111101
0000110001000100101101001001000101101011011100011101110110100100101001010100100000001010011101010101
0000010000010101100100010101110101001000111110100100011010000100100100101101110010011101011011010110
0110010000111001000000100100010001110110100101110010110100000011100110011100111100000101011110011100
1000010010110011001001001010001110110001111101111001110000111001111110011110011111000100000010001110
0010010111000001101110110111011011101000101011111101111010100011110111000000011101100001100000001011
1001001111000000001101110010010001010010111001001010111010100001000111010100110111100110110011011011
1011010011011010000011011100111010010000110111100001100000011001011011010000110101000101010000110110
1011111101010000100001001101100100100000100100010110010100011011000100000011000011101011010000111001
1000100000010010101110100010000010000001000111001100010101010111100101011111111110001100011111110111
0110111011011101000010001011101110001010001011111100101110010010011111011000100011000011101111111000
1011000110100111001101111010010011111110000011111100010000100111111100001011110000100111100100000011
0000100000100110000101101100100000100101100001111001001000110011110111100110110111001100100100100110
0010111011101010110101101001010010000000010110010010101000010011101100101010100110101100001111111001
0111100110011001011001010001111101010011111111001111001111000101010001000001001000011101110010001110
1011101000100000001011001111011101110101001110111000011010010000010011001001110110111010000000011110
1110110011011001011111000110101001010001010001010111101100100111001011000111001010110101001000010000
0100001010010100110111011111101110000010110100010001110001010010101110001110011111010001000111110110
0010001011100001010100110100011101011001001010001011110111101110010110100101010011001011100111011110
1001011100111001111110001000010111000110111010010001001000101010000101011010101001110110100100101100
0001110111101010001110110110111011011011100001101000010101110001100111010010010101100101101111000111
1001110010001101000000111110110001001011111010101000001110111011111111100000000101001101100100001000
1101001010101010111001101100011101001001010110101010100111101100000000100000001100001010011001111100
1011111001010000110110110111000000101110111101110101111100001101101100000001000011100101111011111001
0000010101000110100011010100110001101001100101100011000001001000001110111111001111011001111000010110
1010000101000001001011100001001000010010100100011110010010010110000011101001000101100100110000101001
0110011010110000111100001010011111000101110001100000011101001010111110100000110010011100000001000010
0001010110001100101001101101101101001110001000010010111000100101100101001000110100101010000110001011
0001000010001101011101011010100010011010000000110111001111000101010110011111011011111111111000000010
1100110010100010100100000101110011001001010001011110000001001010011011000111011111111011010000101101
1011000000001000111011100010101010011110010101100010000000111010111110011111110000000010011001100110
1100101110011110000100100101001111101001000101100001000000110110010011101000010110101101001111000100
